6
1 -2.07093e-11 -1.43764e-11 0
1.43764e-11 3.46606e-09 1 0
-2.07093e-11 -1 3.46606e-09 0
1.94214e-08 -6.5534e-06 1.27755e-09 1
2.07091e-11 1 -3.46606e-09 0
-1.43766e-11 -3.46606e-09 -1 0
-1 2.07093e-11 1.43764e-11 0
88.9 -6.42318e-06 38.1 1
-1 2.07077e-11 1.43772e-11 0
1.43772e-11 3.46606e-09 1 0
2.07077e-11 1 -3.46606e-09 0
1308.1 317.5 -1.19554e-06 1
-2.07084e-11 -1 3.46607e-09 0
-1.43777e-11 -3.46607e-09 -1 0
1 -2.07083e-11 -1.43778e-11 0
406.4 317.5 38.1 1
-2.07063e-11 -1 3.46606e-09 0
-1.43776e-11 -3.46606e-09 -1 0
1 -2.07066e-11 -1.43773e-11 0
812.8 317.5 38.1 1
-2.07082e-11 -1 3.46606e-09 0
-1.43769e-11 -3.46606e-09 -1 0
1 -2.07084e-11 -1.43767e-11 0
1219.2 317.5 38.1 1
