4
-1 -2.38419e-07 -2.8e-14 0
-2.38419e-07 1 2.38419e-07 0
-2.88434e-14 2.38419e-07 -1 0
302.613 -47.8057 -91.7181 1
3.87468e-14 -2.38419e-07 1 0
-2.38419e-07 1 2.38419e-07 0
-1 -2.38419e-07 -1.82077e-14 0
-68.3181 -32.693 -227.206 1
1 2.38419e-07 9.6e-14 0
-2.38419e-07 1 2.38419e-07 0
-3.91566e-14 -2.38419e-07 1 0
-212.354 -25.2527 194.76 1
8.59313e-14 2.38419e-07 -1 0
-2.38419e-07 1 2.38419e-07 0
1 2.38419e-07 1.42775e-13 0
195.585 -45.9991 316.458 1
0.707107 3.37176e-07 -0.707107 0
-2.38419e-07 1 2.38419e-07 0
0.707107 1.8958e-13 0.707107 0
-120.6 -5.72687 80.0277 1
