6
1 -2.0709e-11 -1.4376e-11 0
1.4376e-11 3.46606e-09 1 0
-2.0709e-11 -1 3.46606e-09 0
1.94214e-08 -6.5534e-06 1.27755e-09 1
2.07091e-11 1 -3.46606e-09 0
-1.4377e-11 -3.46606e-09 -1 0
-1 2.0709e-11 1.43771e-11 0
88.9 -6.42318e-06 38.1 1
-1 2.07079e-11 1.4377e-11 0
1.4377e-11 3.46606e-09 1 0
2.07079e-11 1 -3.46606e-09 0
1212.85 317.5 -1.19417e-06 1
-1.12112e-10 -1 3.46652e-09 0
5.97458e-11 -3.46652e-09 -1 0
1 -1.12112e-10 5.97458e-11 0
374.65 317.5 38.1 1
-2.07091e-11 -1 -6.01171e-08 0
-1.43759e-11 6.01171e-08 -1 0
1 -2.07092e-11 -1.43757e-11 0
749.3 317.5 38.1 1
-2.07078e-11 -1 3.46606e-09 0
-1.43738e-11 -3.46606e-09 -1 0
1 -2.0708e-11 -1.43736e-11 0
1123.95 317.5 38.1 1
