[1, 1.15007, 4]
[1, 1.10528, 3.5]
[1, 1.10816, 4.5]
[1, 1.0896, 4.5]
[1, 1.10816, 5]
[1, 1.0896, 4.5]
[1, 1.10528, 4]
[1, 1.13152, 4.5]
[1, 1.06337, 4]
[1, 1.13152, 4]
[1, 1.13152, 4]
[1, 1.0896, 4.5]
[1, 1.0896, 5]
[1, 1.13152, 3.5]
[1, 1.0896, 3]
[1, 1.10816, 5]
[1, 1.0896, 4]
[1, 1.0896, 4]
[1, 1.10816, 4]
[1, 1.10528, 4]
[1, 1.13152, 5]
[1, 1.10528, 3]
[1, 1.13152, 4.5]
[1, 1.13152, 4]
[1, 1.06337, 3.5]
[1, 1.0896, 4]
[1, 1.8115, 7.5]
[1, 1.10816, 3.5]
[1, 1.10816, 3]
[1, 1.13152, 4.5]
[1, 1.13152, 3.5]
[1, 1.12383, 3.5]
[1, 1.10528, 4]
[1, 1.13152, 3]
[1, 1.0896, 3.5]
[1, 1.12383, 3.5]
[1, 1.06337, 2.5]
[1, 1.0896, 3.5]
[1, 1.13152, 4]
[1, 1.06625, 4]
[1, 1.13152, 4.5]
[1, 1.13152, 4]
[1, 1.14719, 4]
[1, 1.0896, 4.5]
[1, 1.08192, 4]
[1, 1.10816, 4.5]
[1, 1.06337, 3]
[1, 1.06337, 3]
[1, 1.0896, 4.5]
[1, 1.13152, 4.5]
[1, 1.10528, 3.5]
[1, 1.10816, 4.5]
[1, 1.13152, 4]
[1, 1.0896, 4]
[1, 1.08192, 3.5]
[1, 1.10528, 4.5]
[1, 1.10528, 3.5]
[1, 1.10816, 3.5]
[1, 1.0896, 5]
[1, 1.14719, 4]
[1, 1.10528, 3.5]
[1, 1.15007, 4.5]
[1, 1.06625, 2]
[1, 1.13152, 4.5]
[1, 1.8115, 7]
[1, 1.08192, 4]
[1, 1.0896, 4.5]
[1, 1.10816, 4]
[1, 1.06337, 3.5]
[1, 1.10528, 4]
[1, 1.13152, 3]
[1, 1.0896, 3]
[1, 1.13152, 4]
[1, 1.06337, 4.5]
[1, 1.0896, 4]
[1, 1.13152, 4]
[1, 1.10816, 3]
[1, 1.13152, 4.5]
[1, 1.0896, 5]
[1, 1.10528, 4]
[1, 1.06625, 4]
[1, 1.13152, 5]
[1, 1.74623, 7]
[1, 1.0896, 5]
[1.2, 1.53059, 9.5]
[1, 1.14719, 4]
[1, 1.0896, 4.5]
[1, 1.0896, 3]
[1.1, 1.1824, 4.5]
[1, 1.0896, 3.5]
[1, 1.14719, 3.5]
[1, 1.13152, 5]
[1, 1.13152, 4]
[1, 1.15007, 4]
[1, 1.13152, 4.5]
[1, 1.14719, 4.5]
[1, 1.15007, 4]
[1, 1.10528, 4]
[1, 1.08192, 3]
[1, 1.06337, 4]
[1, 1.78814, 8]
[1, 1.06337, 3.5]
[1, 1.0896, 4.5]
[1, 1.0896, 4.5]
[1, 1.13152, 4]
[1, 1.13152, 4.5]
[1, 1.13152, 4.5]
[1, 1.13152, 5]
[1, 1.15007, 3.5]
[1, 1.13152, 3.5]
[1, 1.8115, 8]
[1, 1.0896, 5]
[1, 1.13152, 4.5]
[1, 1.13152, 4.5]
[1, 1.13152, 3.5]
[1, 1.10816, 3]
[1, 1.10528, 3.5]
[1, 1.0896, 3.5]
[1, 1.13152, 5]
[1, 1.10528, 4.5]
[1, 1.0896, 4]
[1, 1.06625, 3.5]
[1, 1.13152, 4.5]
[1, 1.0896, 4.5]
[1, 1.0896, 3]
[1, 1.13152, 5]
[1, 1.13152, 3]
[1, 1.0896, 3.5]
[1, 1.13152, 4.5]
[1, 1.13152, 4.5]
[1, 1.10528, 4]
[1, 1.10528, 3.5]
[1, 1.08192, 4]
[1, 1.10528, 3]
[1, 1.06625, 3.5]
[1, 1.13152, 3]
[1, 1.10528, 4.5]
[1, 1.10816, 3.5]
[1, 1.10816, 4]
[1, 1.10816, 3.5]
[1, 1.12383, 4]
[1, 1.06337, 3.5]
[1, 1.06625, 4]
[1, 1.15007, 3.5]
[1, 1.15007, 4.5]
[1, 1.8115, 7.5]
[1, 1.06337, 4]
[1, 1.10816, 4.5]
[1, 1.06337, 4]
[1, 1.10816, 3.5]
[1, 1.10528, 4]
[1, 1.13152, 5]
[1, 1.14719, 3.5]
[1, 1.10528, 4]
[1, 1.13152, 5]
[1, 1.10816, 4]
[1, 1.15007, 4]
[1, 1.10816, 4]
[1, 1.10528, 4]
[1, 1.13152, 5]
[1, 1.13152, 4]
[1, 1.0896, 4.5]
[1, 1.13152, 4]
[1, 1.13152, 4.5]
[1, 1.10528, 3.5]
[1, 1.10528, 2.5]
[1, 1.13152, 5]
[1, 1.13152, 5]
[1, 1.10816, 3]
[1, 1.13152, 4.5]
[1, 1.08192, 3]
[1, 1.13152, 4]
[1, 1.0896, 3.5]
[1, 1.0896, 3.5]
[1, 1.15007, 3.5]
[1, 1.13152, 4]
[1, 1.06337, 3.5]
[1, 1.76959, 7]
[1, 1.06337, 2.5]
[1, 1.0896, 3]
[1, 1.13152, 3.5]
[1, 1.13152, 4]
[1, 1.06337, 3.5]
[1, 1.13152, 5]
[1, 1.14719, 4.5]
[1, 1.15007, 4]
[1, 1.13152, 3]
[1, 1.10528, 5]
[1, 1.13152, 4]
[1, 1.13152, 4.5]
[1, 1.13152, 4]
[1, 1.14719, 4.5]
[1, 1.10528, 4.5]
[1, 1.13152, 4]
[1, 1.06625, 5]
[1, 1.0896, 4.5]
[1.15, 1.63656, 8.5]
[1, 1.10816, 4]
[1, 1.06625, 3]
[1, 1.08192, 4]
[1, 1.06625, 4]
[1, 1.13152, 3.5]
[1, 1.0896, 4.5]
[1.15, 1.61187, 9]
[1, 1.13152, 5]
[1, 1.13152, 4]
[1, 1.13152, 4.5]
[1, 1.78814, 7.5]
[1, 1.15007, 3]
[1, 1.10528, 4.5]
[1.1, 1.18934, 5]
[1, 1.16575, 3]
[1, 1.76959, 7.5]
[1, 1.10816, 4]
[1, 1.13152, 3.5]
[1, 1.13152, 4]
[1, 1.13152, 4]
[1, 1.13152, 5]
[1, 1.0896, 4]
[1, 1.0896, 4.5]
[1, 1.0896, 4]
[1, 1.13152, 3.5]
[1, 1.0896, 4]
[1, 1.10528, 4.5]
[1, 1.10816, 4.5]
[1, 1.06337, 4]
[1, 1.12383, 3]
[1, 1.15007, 3]
[1, 1.10816, 4]
[1, 1.13152, 4.5]
[1, 1.13152, 4]
[1, 1.15007, 4.5]
[1, 1.10528, 4]
[1, 1.13152, 4.5]
[1, 1.13152, 4.5]
[1, 1.10816, 4]
[1, 1.10528, 4]
[1, 1.13152, 4]
[1, 1.14719, 3.5]
[1, 1.13152, 4.5]
[1, 1.12383, 4]
[1, 1.0896, 4]
[1, 1.10816, 3]
[1, 1.13152, 4.5]
[1, 1.0896, 4]
[1, 1.0896, 3.5]
[1, 1.06625, 3.5]
[1, 1.0896, 3.5]
[1, 1.13152, 4]
[1, 1.10528, 4]
[1, 1.12383, 3.5]
[1, 1.13152, 4.5]
[1, 1.0896, 3.5]
[1, 1.12383, 3.5]
[1, 1.06337, 4]
[1, 1.10816, 4.5]
[1, 1.13152, 4.5]
[1, 1.13152, 4.5]
[1, 1.10528, 5]
[1, 1.10816, 3]
[1, 1.10816, 4]
[1, 1.10816, 3.5]
[1, 1.0896, 3]
[1, 1.10816, 3.5]
[1, 1.10528, 3]
[1.1, 1.19546, 5]
[1, 1.0896, 4]
[1, 1.0896, 4]
[1, 1.10816, 3.5]
[1, 1.12383, 4.5]
[1, 1.0896, 3.5]
[1, 1.0896, 4]
[1, 1.13152, 5]
[1, 1.0896, 4]
[1, 1.08192, 3]
[1, 1.13152, 4]
[1, 1.10816, 4]
[1, 1.0896, 3.5]
[1, 1.06625, 3.5]
[1, 1.10816, 2.5]
[1, 1.06337, 3.5]
[1.1, 1.1824, 3.5]
[1, 1.0896, 4]
[1, 1.8115, 7]
[1, 1.13152, 4.5]
[1, 1.10528, 3.5]
[1, 1.0896, 4.5]
[1, 1.13152, 4.5]
[1, 1.0896, 4.5]
[1, 1.15007, 4]
[1, 1.0896, 4]
[1, 1.08192, 4]
[1, 1.06337, 3]
[1, 1.0896, 3]
[1, 1.0896, 4.5]
[1, 1.10816, 3]
[1, 1.13152, 4]
[1, 1.08192, 3.5]
[1, 1.10528, 4.5]
[1, 1.13152, 4.5]
[1, 1.13152, 4]
[1, 1.10528, 4]
[1, 1.13152, 4]
[1, 1.0896, 4.5]
[1, 1.8115, 7]
[1, 1.12383, 5]
[1, 1.13152, 4]
[1, 1.0896, 3.5]
[1, 1.10816, 4]
[1, 1.10528, 4.5]
[1, 1.06337, 4]
[1, 1.15007, 3.5]
[1, 1.13152, 3]
[1, 1.0896, 3.5]
[1, 1.13152, 4.5]
[1, 1.04001, 3.5]
[1, 1.04001, 2.5]
[1, 1.0896, 5]
[1, 1.13152, 3.5]
[1, 1.13152, 4]
[1, 1.13152, 5]
[1, 1.12383, 3]
[1, 1.06337, 4]
[1, 1.13152, 4]
[1, 1.74623, 8]
[1, 1.10816, 4.5]
[1, 1.12383, 4]
[1, 1.8115, 7]
[1, 1.0896, 4]
[1, 1.13152, 3]
[1, 1.10528, 3.5]
[1, 1.0896, 3.5]
[1, 1.10528, 4]
[1, 1.08192, 3]
[1, 1.15007, 5]
[1, 1.13152, 4]
[1, 1.06337, 4]
[1, 1.13152, 4]
[1, 1.06337, 3]
[1, 1.13152, 5]
[1, 1.16575, 4]
[1, 1.06337, 3]
[1, 1.0896, 3.5]
[1, 1.12383, 2.5]
[1, 1.0896, 4]
[1, 1.10816, 3.5]
[1, 1.13152, 4]
[1, 1.0896, 5]
[1, 1.0896, 3.5]
[1, 1.10528, 3]
[1, 1.0896, 4.5]
[1, 1.0896, 5]
[1, 1.06337, 4]
[1, 1.10528, 4]
[1, 1.0896, 4.5]
[1, 1.0896, 4.5]
[1, 1.08192, 4]
[1, 1.13152, 4]
[1, 1.13152, 4]
[1, 1.10816, 4.5]
[1, 1.13152, 4.5]
[1, 1.13152, 3.5]
[1, 1.0896, 4]
[1, 1.13152, 3.5]
[1, 1.08192, 4]
[1, 1.08192, 2]
[1, 1.14719, 4.5]
[1, 1.04001, 3]
[1, 1.13152, 4]
[1.15, 1.1376, 4.5]
[1, 1.06337, 4]
[1, 1.0896, 3.5]
[1, 1.0896, 3.5]
[1, 1.08192, 3.5]
[1, 1.13152, 4]
[1, 1.0896, 3]
[1, 1.0896, 4.5]
[1, 1.10528, 4]
[1, 1.10816, 4]
[1, 1.13152, 4]
[1, 1.8115, 7]
[1, 1.13152, 5]
[1, 1.13152, 5]
[1, 1.0896, 3]
[1, 1.12383, 3.5]
[1, 1.0896, 4.5]
[1, 1.08192, 3.5]
[1, 1.15007, 3.5]
[1, 1.06337, 3.5]
[1.15, 1.10171, 4.5]
[1, 1.06337, 4.5]
[1, 1.13152, 3.5]
[1, 1.0896, 4]
[1, 1.08192, 3]
[1, 1.76959, 7.5]
[1, 1.13152, 5]
[1, 1.10528, 4]
[1, 1.0896, 4.5]
[1, 1.13152, 5]
[1, 1.13152, 4.5]
[1, 1.10528, 4.5]
[1, 1.13152, 5]
[1, 1.10528, 3]
[1, 1.10816, 4]
[1, 1.13152, 4.5]
[1, 1.0896, 3.5]
[1.1, 1.15359, 4.5]
[1, 1.10528, 3.5]
[1, 1.0896, 4]
[1, 1.0896, 3.5]
[1, 1.06337, 4]
[1, 1.13152, 4.5]
[1, 1.0896, 3.5]
[1, 1.06625, 3]
[1, 1.0896, 4]
[1, 1.13152, 4]
[1, 1.04001, 2.5]
[1, 1.06337, 4]
[1, 1.13152, 3.5]
[1, 1.13152, 4.5]
[1, 1.06337, 4.5]
[1, 1.13152, 4]
[1, 1.10816, 3]
[1, 1.12383, 3.5]
[1, 1.15007, 3]
[1, 1.13152, 5]
[1, 1.14719, 3]
[1, 1.0896, 3]
[1, 1.10816, 3.5]
[1, 1.08192, 4]
[1, 1.0896, 4.5]
[1, 1.16575, 3.5]
[1, 1.0896, 4.5]
[1, 1.0896, 4]
[1, 1.10528, 4]
[1, 1.0896, 4.5]
[1, 1.10528, 4]
[1, 1.08192, 4]
[1, 1.0896, 5]
[1, 1.10816, 4]
[1, 1.06625, 3.5]
[1, 1.08192, 4]
[1, 1.0896, 4]
[1, 1.10816, 2.5]
[1, 1.10528, 4]
[1, 1.12383, 4]
[1, 1.04001, 3.5]
[1, 1.10528, 3]
[1, 1.0896, 5]
[1, 1.0896, 4.5]
[1, 1.78814, 7]
[1, 1.10816, 3.5]
[1, 1.08192, 3.5]
[1, 1.06337, 3.5]
[1, 1.10816, 3]
[1, 1.13152, 4.5]
[1, 1.06337, 4.5]
[1, 1.13152, 3.5]
[1, 1.15007, 4.5]
[1, 1.10528, 4]
[1, 1.12383, 3]
[1, 1.13152, 4.5]
[1, 1.15007, 4]
[1, 1.13152, 4]
[1, 1.10816, 3.5]
[1.2, 1.94739, 11.5]
[1, 1.13152, 3.5]
[1, 1.13152, 4.5]
[1, 1.06337, 4]
[1, 1.13152, 4.5]
[1, 1.15007, 4]
[1, 1.10816, 4.5]
[1, 1.13152, 3]
[1, 1.14719, 4]
[1, 1.06337, 3.5]
[1, 1.10816, 3.5]
[1, 1.14719, 4]
[1, 1.10816, 3.5]
[1, 1.12383, 3]
[1, 1.06625, 4]
[1, 1.06337, 3.5]
[1, 1.13152, 3.5]
[1, 1.8115, 7.5]
[1, 1.13152, 4]
[1, 1.13152, 4.5]
[1, 1.0896, 3]
[1, 1.0896, 3.5]
[1, 1.06625, 4.5]
[1, 1.0896, 5]
[1, 1.0896, 3]
[1, 1.06337, 4]
[1, 1.10528, 3.5]
[1, 1.10816, 4]
[1, 1.0896, 4]
[1, 1.13152, 4.5]
[1, 1.13152, 5]
[1, 1.08192, 3.5]
[1, 1.06337, 3.5]
[1, 1.13152, 4]
[1, 1.0896, 4]
[1, 1.0896, 4]
[1, 1.06625, 4]
[1, 1.0896, 4]
[1, 1.10816, 3.5]
[1, 1.16575, 3]
[1, 1.15007, 4.5]
[1, 1.13152, 4.5]
[1, 1.10528, 4.5]
[1, 1.78814, 7.5]
[1, 1.0896, 4.5]
[1, 1.0896, 4]
[1, 1.10528, 3.5]
[1, 1.0896, 4.5]
[1, 1.13152, 4.5]
[1, 1.13152, 4.5]
[1, 1.13152, 3.5]
[1, 1.10816, 4]
[1, 1.10528, 4]
[1, 1.13152, 4.5]
[1, 1.0896, 4]
[1, 1.08192, 4]
[1, 1.04001, 2.5]
[1, 1.0896, 3]
[1, 1.0896, 3.5]
[1, 1.13152, 3.5]
[1, 1.04001, 4]
[1, 1.0896, 4]
[1, 1.76959, 7]
[1, 1.0896, 4]
[1, 1.15007, 4]
[1, 1.10528, 4]
[1, 1.10528, 3.5]
[1, 1.13152, 4.5]
[1, 1.04001, 2.5]
[1, 1.13152, 4.5]
[1, 1.76959, 7.5]
[1, 1.08192, 3.5]
[1, 1.13152, 5]
[1, 1.13152, 4]
[1, 1.0896, 4]
[1, 1.0896, 4]
[1, 1.13152, 4]
[1, 1.8115, 8]
[1, 1.78814, 7]
[1, 1.13152, 4.5]
[1, 1.13152, 4.5]
[1, 1.0896, 4.5]
[1, 1.06337, 4]
[1, 1.13152, 5]
[1, 1.0896, 4]
[1, 1.13152, 4.5]
[1, 1.10528, 4.5]
[1, 1.13152, 5]
[1, 1.13152, 4.5]
[1, 1.13152, 4.5]
[1, 1.10528, 4]
[1, 1.0896, 4]
[1, 1.06625, 3.5]
[1, 1.0896, 3.5]
[1, 1.13152, 4.5]
[1, 1.08192, 4]
[1, 1.0896, 4.5]
[1, 1.06337, 3.5]
[1, 1.13152, 4]
[1, 1.13152, 3.5]
[1, 1.13152, 5]
[1, 1.0896, 3]
[1.1, 1.1824, 4.5]
[1, 1.06337, 4]
[1, 1.10816, 3.5]
[1.2, 1.90959, 12.5]
[1, 1.15007, 3.5]
[1, 1.10528, 4]
[1, 1.06625, 4]
[1, 1.10528, 3.5]
[1, 1.13152, 5]
[1, 1.13152, 5]
[1, 1.10816, 4]
[1, 1.0896, 4.5]
[1, 1.04001, 3.5]
[1, 1.06625, 3.5]
[1, 1.14719, 4.5]
[1, 1.76959, 8]
[1, 1.06625, 3.5]
[1, 1.13152, 4]
[1, 1.13152, 4]
[1, 1.0896, 3.5]
[1, 1.10528, 3.5]
[1, 1.0896, 4.5]
[1, 1.10528, 4]
[1, 1.13152, 4]
[1, 1.0896, 3]
[1, 1.0896, 4.5]
[1, 1.13152, 4]
[1, 1.15007, 4]
[1, 1.10528, 3.5]
[1, 1.13152, 3]
[1, 1.10528, 4]
[1, 1.13152, 4.5]
[1, 1.15007, 4]
[1, 1.08192, 4]
[1, 1.0896, 3]
[1, 1.10528, 4]
[1, 1.15007, 4]
[1, 1.0896, 3.5]
[1, 1.10816, 4]
[1, 1.13152, 5]
[1, 1.76959, 7.5]
[1, 1.78814, 6.5]
[1, 1.76959, 6.5]
[1, 1.12383, 4.5]
[1, 1.10528, 4.5]
[1, 1.8115, 7.5]
[1, 1.04001, 4]
[1, 1.10816, 3.5]
[1, 1.10816, 4]
[1, 1.0896, 3.5]
[1, 1.15007, 4]
[1, 1.13152, 3.5]
[1, 1.10816, 3.5]
[1, 1.13152, 4.5]
[1, 1.06337, 4]
[1.15, 1.61211, 8.5]
[1, 1.0896, 4]
[1, 1.10816, 4]
[1, 1.04001, 2]
[1, 1.06625, 3.5]
[1, 1.12383, 2.5]
[1, 1.10816, 3.5]
[1, 1.76959, 8]
[1, 1.0896, 3.5]
[1, 1.15007, 4]
[1, 1.12383, 3.5]
[1, 1.13152, 5]
[1, 1.15007, 4.5]
[1, 1.13152, 4.5]
[1, 1.13152, 5]
[1, 1.0896, 4.5]
[1, 1.0896, 3.5]
[1, 1.0896, 4.5]
[1, 1.13152, 4.5]
[1, 1.04001, 3.5]
[1, 1.08192, 4]
[1, 1.8115, 7.5]
[1, 1.15007, 4.5]
[1, 1.15007, 3]
[1, 1.0896, 3.5]
[1, 1.10528, 2.5]
[1, 1.10528, 4]
[1, 1.13152, 4.5]
[1, 1.0896, 5]
[1, 1.08192, 4]
[1, 1.13152, 4.5]
[1, 1.06337, 3.5]
[1.1, 1.2112, 4.5]
[1, 1.06625, 3.5]
[1, 1.10816, 4.5]
[1, 1.08192, 4]
[1, 1.14719, 3.5]
[1, 1.13152, 4]
[1, 1.0896, 4.5]
[1, 1.13152, 4]
[1, 1.13152, 4]
[1, 1.06337, 3]
[1, 1.12383, 4]
[1, 1.13152, 4]
[1, 1.0896, 4.5]
[1.15, 1.63656, 8.5]
[1, 1.13152, 4]
[1, 1.10816, 3.5]
[1, 1.13152, 3.5]
[1, 1.14719, 4]
[1, 1.15007, 4]
[1, 1.12383, 3.5]
[1, 1.0896, 4]
[1, 1.13152, 5]
[1, 1.14719, 4]
[1, 1.78814, 6]
[1, 1.13152, 4.5]
[1, 1.10816, 2.5]
[1, 1.06625, 2.5]
[1, 1.8115, 8]
[1, 1.0896, 3]
[1, 1.16575, 3]
[1, 1.10528, 3.5]
[1, 1.13152, 4]
[1, 1.16575, 4]
[1, 1.0896, 5]
[1, 1.15007, 4.5]
[1, 1.06337, 3]
[1, 1.8115, 8]
[1, 1.06337, 4.5]
[1, 1.0896, 5]
[1, 1.08192, 3.5]
[1, 1.10816, 4]
[1, 1.12383, 3.5]
[1, 1.13152, 4.5]
[1, 1.0896, 4.5]
[1, 1.10816, 4.5]
[1, 1.76959, 8]
[1, 1.13152, 4.5]
[1, 1.10528, 3.5]
[1, 1.8115, 8]
[1, 1.08192, 3.5]
[1, 1.10528, 4]
[1, 1.0896, 3.5]
[1, 1.0896, 4.5]
[1, 1.06337, 3.5]
[1, 1.8115, 8]
[1, 1.04001, 4]
[1.15, 1.15086, 5.5]
[1, 1.10528, 4]
[1, 1.15007, 4]
[1, 1.76959, 8]
[1, 1.06625, 4.5]
[1, 1.10816, 4.5]
[1, 1.0896, 4]
[1, 1.13152, 4]
[1, 1.08192, 3]
[1.1, 1.1824, 5]
[1, 1.10528, 3.5]
[1, 1.13152, 4.5]
[1.15, 1.63656, 8.5]
[1, 1.0896, 3.5]
[1, 1.13152, 3.5]
[1, 1.0896, 4]
[1, 1.10528, 3]
[1, 1.13152, 4.5]
[1, 1.10816, 3.5]
[1, 1.0896, 3.5]
[1, 1.0896, 4]
[1, 1.78814, 6.5]
[1, 1.83006, 7.5]
[1, 1.10816, 4.5]
[1, 1.0896, 3]
[1, 1.06337, 4.5]
[1, 1.06337, 4]
[1, 1.13152, 3.5]
[1, 1.0896, 4.5]
[1, 1.10816, 4.5]
[1, 1.10816, 4]
[1, 1.13152, 3.5]
[1, 1.10816, 4.5]
[1, 1.83006, 7]
[1, 1.06337, 4.5]
[1, 1.08192, 3.5]
[1, 1.13152, 4]
[1, 1.13152, 4]
[1, 1.13152, 5]
[1, 1.08192, 3]
[1, 1.13152, 5]
[1, 1.0896, 4]
[1, 1.13152, 4]
[1, 1.76959, 7.5]
[1, 1.13152, 3]
[1, 1.13152, 4.5]
[1, 1.78814, 7]
[1, 1.78814, 7]
[1, 1.14719, 5]
[1, 1.06337, 3]
[1, 1.06337, 4]
[1, 1.13152, 4.5]
[1, 1.13152, 4.5]
[1, 1.13152, 4]
[1, 1.0896, 3.5]
[1, 1.10528, 3.5]
[1, 1.13152, 5]
[1, 1.0896, 3.5]
[1, 1.13152, 4]
[1, 1.0896, 4]
[1, 1.14719, 3.5]
[1, 1.10528, 5]
[1, 1.10528, 4.5]
[1, 1.06337, 4.5]
[1, 1.0896, 4.5]
[1, 1.13152, 4.5]
[1, 1.13152, 3.5]
[1, 1.10816, 3.5]
[1, 1.10816, 3]
[1, 1.13152, 4]
[1, 1.16575, 3]
[1, 1.04001, 3.5]
[1, 1.10528, 3.5]
[1, 1.0896, 5]
[1, 1.74623, 6]
[1, 1.13152, 4]
[1, 1.06625, 3]
[1, 1.06337, 4]
[1, 1.10816, 4]
[1, 1.13152, 4]
[1, 1.0896, 4.5]
[1, 1.15007, 3.5]
[1, 1.13152, 3.5]
[1, 1.16575, 4]
[1, 1.10816, 4.5]
[1, 1.06337, 4]
[1, 1.13152, 4]
[1, 1.0896, 4]
[1, 1.13152, 4]
[1, 1.10816, 4]
[1, 1.10816, 3]
[1, 1.0896, 3]
[1, 1.15007, 4.5]
[1, 1.13152, 5]
[1, 1.10528, 4]
[1, 1.10528, 3.5]
[1.1, 1.22399, 4.5]
[1, 1.13152, 4.5]
[1, 1.0896, 4]
[1, 1.13152, 3]
[1, 1.76959, 6]
[1, 1.78814, 7.5]
[1, 1.12383, 4]
[1, 1.15007, 4]
[1, 1.0896, 4]
[1, 1.0896, 4.5]
[1, 1.08192, 3.5]
[1, 1.06337, 3.5]
[1, 1.15007, 3.5]
[1, 1.08192, 3.5]
[1, 1.14719, 3.5]
[1, 1.06337, 4]
[1, 1.06337, 4]
[1, 1.13152, 4]
[1, 1.10528, 4]
[1, 1.13152, 4.5]
[1, 1.0896, 4.5]
[1, 1.10528, 4]
[1, 1.14719, 4.5]
[1, 1.06337, 3.5]
[1, 1.08192, 5]
[1, 1.15007, 3.5]
[1, 1.13152, 4.5]
[1, 1.13152, 4.5]
[1, 1.10528, 4.5]
[1, 1.13152, 4]
[1, 1.0896, 4]
[1, 1.06337, 3.5]
[1, 1.06337, 3.5]
[1, 1.0896, 4]
[1, 1.0896, 4]
[1, 1.0896, 4]
[1, 1.13152, 4.5]
[1, 1.14719, 4]
[1, 1.0896, 3.5]
[1, 1.06337, 4]
[1, 1.14719, 4]
[1, 1.10528, 4]
[1, 1.06337, 3.5]
[1, 1.08192, 3.5]
[1, 1.0896, 4.5]
[1, 1.0896, 5]
[1, 1.13152, 3.5]
[1, 1.08192, 4]
[1, 1.06337, 3.5]
[1, 1.13152, 3.5]
[1, 1.10528, 4.5]
[1, 1.10528, 4.5]
[1, 1.0896, 3]
[1, 1.10816, 3.5]
[1, 1.13152, 4.5]
[1, 1.08192, 4]
[1, 1.13152, 4.5]
[1, 1.13152, 3.5]
[1, 1.0896, 5]
[1, 1.16575, 4]
[1, 1.0896, 3.5]
[1, 1.13152, 4.5]
[1, 1.13152, 4.5]
[1, 1.15007, 2.5]
[1, 1.10528, 4]
[1, 1.13152, 4]
[1, 1.13152, 3]
[1, 1.10816, 4.5]
[1, 1.08192, 3.5]
[1, 1.76959, 8]
[1, 1.13152, 4.5]
[1, 1.10528, 4.5]
[1, 1.13152, 4]
[1, 1.06337, 3.5]
[1, 1.10816, 4]
[1, 1.10528, 4]
[1, 1.13152, 4.5]
[1, 1.10816, 3]
[1, 1.10816, 4]
[1, 1.10528, 5]
[1, 1.10816, 3]
[1, 1.0896, 4.5]
[1, 1.8115, 8]
[1, 1.0896, 4.5]
[1, 1.0896, 5]
[1, 1.0896, 4.5]
[1, 1.06337, 5]
[1, 1.12383, 4]
[1, 1.08192, 3.5]
[1, 1.0896, 4]
[1, 1.15007, 4]
[1, 1.06337, 3.5]
[1, 1.0896, 3.5]
[1, 1.10816, 3.5]
[1, 1.13152, 4.5]
[1, 1.04001, 3]
[1, 1.12383, 4]
[1, 1.13152, 4]
[1, 1.76959, 7.5]
[1, 1.13152, 3.5]
[1.15, 2.12798, 11]
[1, 1.13152, 5]
[1, 1.15007, 4]
[1, 1.13152, 4]
[1, 1.13152, 3.5]
[1, 1.13152, 4.5]
[1, 1.06337, 3.5]
[1, 1.10528, 4.5]
[1, 1.10528, 4]
[1, 1.13152, 4.5]
[1, 1.13152, 4]
[1, 1.13152, 4.5]
[1, 1.13152, 5]
[1, 1.13152, 4.5]
[1, 1.78814, 7]
[1, 1.10816, 3.5]
[1, 1.06337, 4.5]
[1, 1.13152, 4]
[1, 1.0896, 3.5]
[1, 1.10528, 4]
[1, 1.06337, 4.5]
[1, 1.13152, 3.5]
[1, 1.04001, 3.5]
[1, 1.12383, 2.5]
[1, 1.13152, 4.5]
[1, 1.08192, 3]
[1, 1.13152, 4]
[1, 1.13152, 4.5]
[1, 1.13152, 5]
[1, 1.8115, 7.5]
[1, 1.08192, 4]
[1, 1.06625, 4.5]
[1, 1.15007, 3]
[1, 1.0896, 4.5]
[1, 1.0896, 3.5]
[1, 1.15007, 3]
[1, 1.10816, 4]
[1, 1.13152, 4.5]
[1, 1.08192, 3.5]
[1, 1.8115, 7]
[1, 1.13152, 4]
[1, 1.06625, 3]
[1, 1.10816, 4]
[1, 1.08192, 4]
[1, 1.0896, 3.5]
[1, 1.06337, 4]
[1, 1.06337, 3]
[1, 1.08192, 2]
[1, 1.10816, 4.5]
[1, 1.13152, 4]
[1, 1.13152, 4.5]
[1, 1.10816, 3]
[1, 1.0896, 3.5]
[1.15, 1.60274, 8]
[1, 1.13152, 4.5]
[1, 1.0896, 4]
[1, 1.16575, 2.5]
[1, 1.10816, 2.5]
[1.1, 1.11227, 3]
[1, 1.0896, 5]
[1, 1.08192, 3]
[1, 1.10816, 4]
[1, 1.0896, 4]
[1, 1.15007, 4]
[1, 1.0896, 4]
[1, 1.13152, 4]
[1, 1.06625, 4]
[1, 1.76959, 7.5]
[1, 1.14719, 3]
[1, 1.13152, 4]
[1, 1.13152, 4]
[1, 1.78814, 8]
[1, 1.0896, 4]
[1, 1.06337, 4]
[1, 1.0896, 3.5]
[1, 1.16575, 3]
[1, 1.06337, 3.5]
[1, 1.13152, 5]
[1, 1.13152, 4.5]
[1, 1.13152, 3.5]
[1, 1.10528, 3.5]
[1, 1.13152, 5]
[1, 1.13152, 3.5]
[1, 1.10528, 4]
[1, 1.0896, 4.5]
[1, 1.0896, 3.5]
[1, 1.0896, 3.5]
[1, 1.0896, 3.5]
[1, 1.06337, 4]
[1, 1.0896, 4]
[1, 1.12383, 3]
[1, 1.10816, 4]
[1, 1.13152, 4.5]
[1, 1.10816, 4.5]
